$rostopic echo -cn 1 -w 6 /ihmc_ros/vkyrie/output/joint_states

header: 
  seq:   7294
  stamp: 
    secs:     24
    nsecs: 269000000
  frame_id: /world
name: ['leftHipYaw', 'leftHipRoll', 'leftHipPitch', 'leftKneePitch', 'leftAnklePitch', 'leftAnkleRoll', 'rightHipYaw', 'rightHipRoll', 'rightHipPitch', 'rightKneePitch', 'rightAnklePitch', 'rightAnkleRoll', 'torsoYaw', 'torsoPitch', 'torsoRoll', 'leftShoulderPitch', 'leftShoulderRoll', 'leftShoulderYaw', 'leftElbowPitch', 'leftForearmYaw', 'leftWristRoll', 'leftWristPitch', 'lowerNeckPitch', 'neckYaw', 'upperNeckPitch', 'hokuyo_joint', 'rightShoulderPitch', 'rightShoulderRoll', 'rightShoulderYaw', 'rightElbowPitch', 'rightForearmYaw', 'rightWristRoll', 'rightWristPitch']
position: [-0.000, -0.070, -0.628, 1.4927, -0.862, 0.0732, 0.0032, 0.0714, -0.627, 1.4911, -0.862, -0.069, 0.0007, 0.0008, 0.0024, -0.187, -1.224, 0.6729, -1.513, 0.0080, -0.007, -0.001, -0.000, -0.000, 0.0000, 0.0000, -0.180, 1.2178, 0.6727, 1.5153, 0.0036, -0.005, -0.007]
velocity: [0.0087, 0.0108, 0.1662, -0.136, 0.0297, -0.003, 0.0004, 0.0011, 0.1652, -0.139, 0.0364, -0.000, 0.0036, 0.0730, -0.000, 0.0000, 0.1017, 0.0000, -0.000, 0.4534, 0.0000, 0.1034, -0.000, 0.0000, 0.0000, 0.0000, -0.075, -0.019, 0.0548, -0.000, -0.204, -0.090, 0.0000]
effort: [0.8532, 21.779, 13.900, -136.8, 86.881, -0.978, -0.895, -11.55, 3.9967, -109.3, 68.135, -0.316, 0.0570, 21.099, 2.2019, -10.75, 5.0501, -2.855, -6.365, 0.0000, 0.0000, 0.0000, 0.0000, 0.0000, 0.0000, 0.0000, -11.22, -4.484, -3.208, 5.9027, 0.0000, 0.0000, 0.0000]
---


gz log -e -f .gazebo/log/2017-01-15T07\:07\:54.057659/gzserver/state.log --filter *.pose/*.pose -z 60 > srcProject/qual_2.log

time: 62.730 steps: 13 robot_x:  5.662 l_foot_x:  5.630
 Started: 36.930
Finished: 54.430
 Elapsed: 17.500

~/srcProject/srcsim_score$ ./scoring_q2.rb qual_2.log Start line crossed: [37 882000000]
Finish line crossed: [54 593000000]
Elapsed time: [16 711000000]


name: ['ground_plane::link',
#1-5
'console1::control_console::link', 'console1::visuals', 'walls::link', 'valkyrie::pelvis', 'valkyrie::leftHipYawLink',
#6-10
'valkyrie::leftHipRollLink', 'valkyrie::leftHipPitchLink', 'valkyrie::leftKneePitchLink',
'valkyrie::leftAnklePitchLink', 'valkyrie::leftFoot',
#11-15
'valkyrie::rightHipYawLink', 'valkyrie::rightHipRollLink', 'valkyrie::rightHipPitchLink',
'valkyrie::rightKneePitchLink', 'valkyrie::rightAnklePitchLink',
#16-20
'valkyrie::rightFoot', 'valkyrie::torsoYawLink', 'valkyrie::torsoPitchLink',
'valkyrie::torso', 'valkyrie::leftShoulderPitchLink',
#21-25
'valkyrie::leftShoulderRollLink', 'valkyrie::leftShoulderYawLink', 'valkyrie::leftElbowPitchLink',
'valkyrie::leftForearmLink', 'valkyrie::leftWristRollLink',
#26-30
'valkyrie::leftPalm', 'valkyrie::leftIndexFingerPitch1Link', 'valkyrie::leftIndexFingerPitch2Link',
'valkyrie::leftIndexFingerPitch3Link', 'valkyrie::leftMiddleFingerPitch1Link',
#31-35
'valkyrie::leftMiddleFingerPitch2Link', 'valkyrie::leftMiddleFingerPitch3Link', 'valkyrie::leftPinkyPitch1Link',
'valkyrie::leftPinkyPitch2Link', 'valkyrie::leftPinkyPitch3Link',
#36-40
'valkyrie::leftThumbRollLink', 'valkyrie::leftThumbPitch1Link', 'valkyrie::leftThumbPitch2Link',
'valkyrie::leftThumbPitch3Link', 'valkyrie::lowerNeckPitchLink',
#41-45
'valkyrie::neckYawLink', 'valkyrie::upperNeckPitchLink', 'valkyrie::hokuyo_link',
'valkyrie::rightShoulderPitchLink', 'valkyrie::rightShoulderRollLink',
#46-50
'valkyrie::rightShoulderYawLink','valkyrie::rightElbowPitchLink', 'valkyrie::rightForearmLink',
'valkyrie::rightWristRollLink', 'valkyrie::rightPalm',
#51-55
'valkyrie::rightIndexFingerPitch1Link', 'valkyrie::rightIndexFingerPitch2Link',
'valkyrie::rightIndexFingerPitch3Link', 'valkyrie::rightMiddleFingerPitch1Link',
'valkyrie::rightMiddleFingerPitch2Link',
#56-60
'valkyrie::rightMiddleFingerPitch3Link',
'valkyrie::rightPinkyPitch1Link', 'valkyrie::rightPinkyPitch2Link',
'valkyrie::rightPinkyPitch3Link', 'valkyrie::rightThumbRollLink',
#61-63
'valkyrie::rightThumbPitch1Link', 'valkyrie::rightThumbPitch2Link',
'valkyrie::rightThumbPitch3Link']


Matrix[[0.9914448613607023, -3.463629717045331e-07, -0.13052619231915819, 0.183585961],
       [0.0, -0.9999999999964793, 2.65358979335273e-06, 0.0],
       [-0.13052619231961773, -2.630887964778772e-06, -0.9914448613572117, 0.075353826],
       [0.0, 0.0, 0.0, 1.0]]

Matrix[[0.9914448613607023, 1e-07, -0.13052619231915819, 0.183585961],
       [0.0, -0.9999999999964793, 2e-06, 0.0],
       [-0.13052619231961773, -2e-06, -0.9914448613572117, 0.075353826],
       [0.0, 0.0, 0.0, 1.0]]



light2w:
[1.0000 0.0000 0.0000 2.7580]
[0.0000 1.0000 0.0000 0.4935]
[0.0000 0.0000 1.0000 1.0045]
[0.0000 0.0000 0.0000 1.0000]
tLightWorldLatest:
[-0.0000 0.9131 -0.4078 2.7580]
[-1.0000 -0.0000 0.0000 0.4935]
[0.0000 0.4078 0.9131 1.0045]
[0.0000 0.0000 0.0000 1.0000]

neck2w:
[0.9960 0.0897 -0.0017 -0.0042]
[-0.0897 0.9960 0.0001 0.0177]
[0.0017 0.0000 1.0000 1.5379]
[0.0000 0.0000 0.0000 1.0000]
tNeckWorld:
[1.0000 -0.0020 -0.0001 -0.0497]
[0.0020 1.0000 -0.0005 -0.0001]
[0.0001 0.0005 1.0000 1.5342]
[0.0000 0.0000 0.0000 1.0000]

head2n:
[0.9914 -0.0000 -0.1305 0.1836]
[0.0000 -1.0000 0.0000 0.0000]
[-0.1305 -0.0000 -0.9914 0.0754]
[0.0000 0.0000 0.0000 1.0000]
tHeadNeck:
[0.9914 -0.0000 -0.1305 0.1836]
[0.0000 -1.0000 0.0000 0.0000]
[-0.1305 -0.0000 -0.9914 0.0754]
[0.0000 0.0000 0.0000 1.0000]

head2w:
[0.9878 -0.0877 -0.1283 0.1796]
[-0.0870 -0.9961 0.0113 0.0014]
[-0.1288 -0.0000 -0.9917 1.6136]
[0.0000 0.0000 0.0000 1.0000]
tHeadWorld:
[0.9915 0.0020 -0.1304 0.1339]
[0.0021 -1.0000 0.0003 0.0002]
[-0.1304 -0.0005 -0.9915 1.6096]
[0.0000 0.0000 0.0000 1.0000]

world2h:
[0.9878 -0.0870 -0.1288 0.0306]
[-0.0877 -0.9961 -0.0000 0.0172]
[-0.1283 0.0113 -0.9917 1.6232]
[0.0000 0.0000 0.0000 1.0000]
tWorldHead:
[0.9915 0.0021 -0.1304 0.0772]
[0.0020 -1.0000 -0.0005 0.0008]
[-0.1304 0.0003 -0.9915 1.6133]
[0.0000 0.0000 0.0000 1.0000]

proj:
[0.9881 -0.0837 -0.1289 2.5834]
[-0.0844 -0.9964 -0.0002 -0.7066]
[-0.1284 0.0111 -0.9917 0.2786]
[0.0000 0.0000 0.0000 1.0000]
tLightHead:
[-0.0021 0.8521 -0.5234 2.6816]
[1.0000 0.0016 -0.0013 -0.4877]
[-0.0003 -0.5234 -0.8521 0.2578]
[0.0000 0.0000 0.0000 1.0000]

proj: (with same neck2w)
[0.9915 0.0020 -0.1304 2.6816]
[0.0020 -1.0000 -0.0005 -0.4877]
[-0.1304 0.0002 -0.9915 0.2577]
[0.0000 0.0000 0.0000 1.0000]
    tNeckWorld = np.array( [
      [1.0000, -0.0020, -0.0001, -0.0497],
      [0.0020,  1.0000, -0.0005, -0.0001],
      [0.0001,  0.0005,  1.0000,  1.5342],
      [0.0000,  0.0000,  0.0000,  1.0000]])

  for i in range(1,45):
    pos = L.world[i]
    prj = head.project_point(pos)
    print("pos: [%6.3f,%6.3f,%6.3f] prj: [%6.3f,%6.3f,%6.3f]" % (pos[0],pos[1],pos[2],prj[0],prj[1],prj[2]))

philb@srcsimi5:~/srcProject/srcsim_score$ ./cvstate2.py42
42
42
42
Starting
Sent start msg
2.452 0.412 0.418 1 0 0 67 
Sent Console msg
2.582 0.412 0.339 1 0 0 81 
Sent Console msg
2.670 0.178 0.287 0 0 1 92 
Sent Console msg
2.669 0.255 0.287 0 1 0 107 
Sent Console msg
2.709 -0.504 0.262 1 0 0 118 
Sent Console msg
2.833 -0.559 0.017 1 0 0 129 
Sent Console msg
2.579 -0.427 0.340 0 0 1 140 
Sent Console msg
2.837 0.539 0.016 0 0 1 151 
Sent Console msg
2.515 -0.428 0.380 1 0 0 163 
Sent Console msg
2.837 0.539 0.017 1 0 0 177 
Sent Console msg
2.713 0.483 0.261 1 0 0 188 
Sent Console msg
2.733 -0.194 0.248 0 1 0 201 
Sent Console msg
2.839 0.455 -0.049 0 0 1 212 
Sent Console msg
2.517 0.413 0.380 0 1 0 224 
Sent Console msg
2.736 0.178 0.247 0 0 1 240 
Sent Console msg
2.839 0.538 -0.049 0 1 0 251 
Sent Console msg
2.582 0.391 -0.458 0 1 0 262 
Sent Console msg
2.670 0.254 0.287 0 1 0 277 
Sent Console msg
2.833 -0.561 0.017 0 0 1 288 
Sent Console msg
2.736 0.253 0.247 1 0 0 300 
Sent Console msg
Image window: Fatal IO error 11 (Resource temporarily unavailable) on X server :0.


cd ~/srcProject/srcsim_score
./cvstate2.py
ll ~/.gazebo/log/
gz log -e -f ~/.gazebo/log/2017-01-18T12:10:35.409691/gzserver/state.log --filter *.pose/*.pose -z 60 > qual_1.log
ll ~
./scoring_q1.rb ~/src_qual1_2017-01-18T12\:10\:35.412491.log qual_1.log



